166
2 321 323
2 35 296
2 93 275
2 97 215
2 37 190
2 344 349
2 42 197
2 43 252
2 49 286
2 51 333
2 53 369
2 57 420
2 58 423
2 62 441
2 12 77
2 33 75
2 47 118
2 82 165
2 94 300
2 67 326
2 87 482
2 346 382
2 456 470
2 21 160
2 32 256
2 36 279
2 56 299
2 69 306
2 144 315
2 28 316
2 295 330
2 426 457
2 211 408
2 368 402
2 17 225
2 86 353
2 83 338
2 2 146
2 194 224
2 246 250
2 205 229
2 416 480
2 374 485
2 162 492
2 140 380
2 64 371
3 71 72 130
3 73 74 123
2 120 219
2 156 231
2 171 389
3 143 170 177
2 147 182
2 108 266
3 88 301 472
2 84 196
2 68 417
2 383 465
2 240 443
2 413 489
3 23 85 484
2 175 495
3 38 168 324
3 290 354 370
3 5 103 111
3 41 65 113
2 155 166
3 122 210 439
3 18 44 221
3 112 142 234
3 133 261 405
3 117 310 490
2 376 452
3 136 263 434
3 54 159 448
3 178 360 451
3 66 218 475
3 15 412 419
4 8 61 79 110
3 25 181 356
3 95 187 433
3 115 199 277
3 186 208 236
4 145 149 172 249
4 126 179 258 273
3 31 271 294
3 217 288 385
4 27 99 131 292
4 3 92 135 320
4 59 169 201 367
4 6 45 238 387
3 24 396 429
3 139 362 409
3 411 430 455
4 89 114 257 445
3 272 487 488
4 124 127 302 499
4 10 163 173 394
4 13 80 105 198
4 30 55 180 185
4 90 91 262 276
4 192 216 235 364
4 184 214 328 345
4 100 116 230 242
4 125 268 424 474
4 119 161 278 283
4 16 336 397 442
4 81 220 348 384
4 106 183 351 400
4 152 228 375 449
4 104 204 388 422
4 107 259 391 407
4 50 128 392 437
4 239 274 399 467
4 40 282 403 444
4 76 138 289 427
4 26 109 137 431
4 148 153 200 438
4 78 207 247 447
4 129 206 226 459
4 193 209 280 497
4 22 164 245 254
4 29 195 251 307
4 70 237 269 363
4 132 267 285 347
4 46 151 284 312
4 174 304 332 339
4 39 329 341 373
4 244 361 372 401
4 134 325 365 378
4 63 377 395 453
4 141 379 393 460
4 19 157 202 390
4 4 222 473 498
4 20 96 102 425
4 150 176 227 350
4 98 121 241 486
4 213 253 260 461
4 188 248 265 463
4 9 154 191 291
4 223 281 293 352
4 167 189 297 318
4 212 270 303 305
4 264 308 309 432
4 11 287 313 314
4 158 203 243 255
4 48 327 331 335
4 322 340 342 343
3 337 355 446
3 1 357 366
3 7 317 494
3 381 414 450
3 60 298 386
3 101 334 398
3 34 52 404
3 311 406 468
3 415 418 421
3 0 428 435
3 14 436 440
3 358 458 464
3 410 466 469
3 454 471 476
3 477 478 479
3 462 481 483
3 232 233 319
3 359 491 493
